[gd_scene load_steps=53 format=3 uid="uid://chwqjvpft7wxd"]

[ext_resource type="Script" uid="uid://dfgob8wlfeeqm" path="res://scripts/actor.gd" id="1_u4ehk"]
[ext_resource type="Resource" uid="uid://ba3i5roa0cxxe" path="res://Modular Mobility/movesets/mvpk_walk.tres" id="2_4jbd7"]
[ext_resource type="Resource" uid="uid://pyeylu3rn4gk" path="res://Resources/Characters/Player.tres" id="2_y0m84"]
[ext_resource type="Script" uid="uid://75g460r007m4" path="res://Modular Mobility/MovementPackage.gd" id="3_kd8s6"]
[ext_resource type="Resource" uid="uid://dijgug6xnkk83" path="res://Modular Mobility/movesets/mvpk_swim.tres" id="5_1114p"]
[ext_resource type="Resource" uid="uid://bofc8snsk08ol" path="res://Modular Mobility/movesets/mvpk_glide.tres" id="6_eg6sy"]
[ext_resource type="Resource" uid="uid://duxy5hujhcahp" path="res://art/Character/clothing/DressUp Resources/skeleton.tres" id="7_5gopm"]
[ext_resource type="Script" uid="uid://5mqewow4ah2q" path="res://Dress Up/Resource Definitions/Garment.gd" id="9_y5qxm"]
[ext_resource type="AnimationLibrary" uid="uid://iuuxa6ncl6g0" path="res://art/Character/animations/swim/aLib_swim.tres" id="11_f0n1c"]
[ext_resource type="PackedScene" uid="uid://bqengtjtjsi85" path="res://prefabs/actor_nametag.tscn" id="12_eg6sy"]
[ext_resource type="AnimationLibrary" uid="uid://cfw145vp451ic" path="res://art/Character/animations/combat_sword/aLib_combat_sword.tres" id="12_kfhu3"]
[ext_resource type="Animation" uid="uid://ccetyxge74ro7" path="res://art/Character/animations/idles/sit_lounge_toStand.tres" id="15_7tqai"]
[ext_resource type="Animation" uid="uid://bc0d4grfnjxcs" path="res://art/Character/animations/death.tres" id="16_7p0qy"]
[ext_resource type="Animation" uid="uid://c05okihnbe7uo" path="res://art/Character/animations/t-pose.tres" id="19_8um01"]
[ext_resource type="AnimationLibrary" uid="uid://bu8hawt708pm4" path="res://art/Character/animations/actions/aLib_actions.tres" id="21_qj7qg"]
[ext_resource type="Animation" uid="uid://sannddwxaokq" path="res://art/Character/animations/idles/sit_lounge.tscn.tres" id="21_wb04b"]
[ext_resource type="AnimationLibrary" uid="uid://cur0rnvftr5wt" path="res://art/Character/animations/raw_import/aLib_dungeon_actions.glb" id="22_eg6sy"]
[ext_resource type="AnimationLibrary" uid="uid://cy88r3r7rfiqc" path="res://art/Character/animations/spawns_and_deaths/spawns_and_deaths.glb" id="24_eg6sy"]
[ext_resource type="AnimationLibrary" uid="uid://cq3xvncrmrdnv" path="res://art/Character/animations/raw_import/jumps_and_falling.glb" id="25_eg6sy"]
[ext_resource type="AnimationLibrary" uid="uid://c0vsckh87and1" path="res://art/Character/animations/climb/aLib_climb.tres" id="25_gl75i"]
[ext_resource type="AnimationLibrary" uid="uid://bpwef0cra4iw2" path="res://art/Character/animations/glider/aLib_glider.tres" id="26_484dv"]
[ext_resource type="Script" uid="uid://yrhxrvphg2ud" path="res://scripts/DebugTools/animation_tree_debugger.gd" id="26_k6o3x"]
[ext_resource type="AnimationLibrary" uid="uid://xojch5gcvv1r" path="res://art/Character/animations/walk_jog_run/aLib_wjr.tres" id="27_gdtpd"]
[ext_resource type="Script" uid="uid://cendvqu343aqi" path="res://Dress Up/DresserUpper.gd" id="51_ly8uj"]
[ext_resource type="Script" uid="uid://c3roujydj1omy" path="res://scripts/Hero Effects/footall_sfx.gd" id="59_becxn"]
[ext_resource type="AnimationNodeStateMachine" uid="uid://coym3jr0vat8x" path="res://art/Character/animator components/walk_root.tres" id="60_n8fbs"]

[sub_resource type="CapsuleShape3D" id="CapsuleShape3D_ke2ik"]
radius = 0.45
height = 1.8

[sub_resource type="ViewportTexture" id="ViewportTexture_tqg4d"]
viewport_path = NodePath("SubViewport")

[sub_resource type="SphereShape3D" id="SphereShape3D_xwqgb"]
radius = 0.12

[sub_resource type="StandardMaterial3D" id="StandardMaterial3D_en2o0"]
transparency = 1
blend_mode = 1
shading_mode = 0
albedo_color = Color(0.282353, 0, 0.517647, 1)

[sub_resource type="SphereMesh" id="SphereMesh_gnn2x"]
material = SubResource("StandardMaterial3D_en2o0")
radius = 0.12
height = 0.24

[sub_resource type="CapsuleShape3D" id="CapsuleShape3D_g57dp"]
radius = 0.203062
height = 0.642133

[sub_resource type="CapsuleMesh" id="CapsuleMesh_ptidy"]
material = SubResource("StandardMaterial3D_en2o0")
radius = 0.203
height = 0.642

[sub_resource type="CapsuleShape3D" id="CapsuleShape3D_lh4mb"]
radius = 0.073
height = 0.540206

[sub_resource type="CapsuleMesh" id="CapsuleMesh_u6jl3"]
material = SubResource("StandardMaterial3D_en2o0")
radius = 0.073
height = 0.207

[sub_resource type="CapsuleShape3D" id="CapsuleShape3D_6xcng"]
radius = 0.173835
height = 0.347671

[sub_resource type="CapsuleMesh" id="CapsuleMesh_o3lyt"]
material = SubResource("StandardMaterial3D_en2o0")
radius = 0.174
height = 0.348

[sub_resource type="CapsuleMesh" id="CapsuleMesh_2eccu"]
material = SubResource("StandardMaterial3D_en2o0")
radius = 0.073
height = 0.54

[sub_resource type="CapsuleShape3D" id="CapsuleShape3D_nln6s"]
radius = 0.073
height = 0.3042

[sub_resource type="CapsuleMesh" id="CapsuleMesh_gnc4q"]
material = SubResource("StandardMaterial3D_en2o0")
radius = 0.073
height = 0.304

[sub_resource type="CapsuleShape3D" id="CapsuleShape3D_ocsdr"]
radius = 0.073
height = 0.390777

[sub_resource type="CapsuleMesh" id="CapsuleMesh_plkh6"]
material = SubResource("StandardMaterial3D_en2o0")
radius = 0.073
height = 0.391

[sub_resource type="CapsuleShape3D" id="CapsuleShape3D_ecc8t"]
radius = 0.048
height = 0.390777

[sub_resource type="CapsuleMesh" id="CapsuleMesh_5n5y5"]
material = SubResource("StandardMaterial3D_en2o0")
radius = 0.048
height = 0.391

[sub_resource type="CapsuleShape3D" id="CapsuleShape3D_w13a5"]
radius = 0.0639974
height = 0.162668

[sub_resource type="CapsuleMesh" id="CapsuleMesh_0ha5t"]
material = SubResource("StandardMaterial3D_en2o0")
radius = 0.064
height = 0.163

[sub_resource type="Animation" id="Animation_d1d6e"]
resource_name = "EMPTY"

[sub_resource type="Animation" id="Animation_5xs3f"]
length = 0.001
tracks/0/type = "value"
tracks/0/imported = false
tracks/0/enabled = true
tracks/0/path = NodePath("..:block")
tracks/0/interp = 1
tracks/0/loop_wrap = true
tracks/0/keys = {
"times": PackedFloat32Array(0),
"transitions": PackedFloat32Array(1),
"update": 1,
"values": [false]
}

[sub_resource type="AnimationLibrary" id="AnimationLibrary_wj084"]
_data = {
&"EMPTY": SubResource("Animation_d1d6e"),
&"RESET": SubResource("Animation_5xs3f"),
&"T_pose": ExtResource("19_8um01"),
&"death": ExtResource("16_7p0qy"),
&"sit_lounge.tscn": ExtResource("21_wb04b"),
&"sit_lounge_toStand": ExtResource("15_7tqai")
}

[sub_resource type="Gradient" id="Gradient_4n850"]
interpolation_mode = 2
colors = PackedColorArray(0, 0, 0, 1, 0, 0, 0, 0)

[sub_resource type="GradientTexture2D" id="GradientTexture2D_cqh8r"]
gradient = SubResource("Gradient_4n850")
fill = 1
fill_from = Vector2(0.5, 0.5)
fill_to = Vector2(1, 0.5)
metadata/_snap_enabled = true

[sub_resource type="SphereShape3D" id="SphereShape3D_kyuof"]

[sub_resource type="SceneReplicationConfig" id="SceneReplicationConfig_0m668"]
properties/0/path = NodePath(".:desired_move")
properties/0/spawn = false
properties/0/replication_mode = 1
properties/1/path = NodePath(".:rotation")
properties/1/spawn = true
properties/1/replication_mode = 1
properties/2/path = NodePath(".:position")
properties/2/spawn = true
properties/2/replication_mode = 1
properties/3/path = NodePath(".:sprint")
properties/3/spawn = true
properties/3/replication_mode = 1
properties/4/path = NodePath(".:name")
properties/4/spawn = true
properties/4/replication_mode = 1

[node name="actor" type="CharacterBody3D"]
transform = Transform3D(0.999896, 0.00712085, -0.0125515, -0.0072158, 0.999946, -0.00753587, 0.0124971, 0.00762566, 0.999893, 0, 0, 0)
script = ExtResource("1_u4ehk")
character = ExtResource("2_y0m84")
movement_sets = Array[ExtResource("3_kd8s6")]([ExtResource("2_4jbd7"), ExtResource("5_1114p"), ExtResource("6_eg6sy")])
garments = Array[ExtResource("9_y5qxm")]([ExtResource("7_5gopm")])

[node name="travel_shape" type="CollisionShape3D" parent="."]
transform = Transform3D(1, 0, 0, 0, 1, 0, 0, 0, 1, 0, 0.9, 0)
shape = SubResource("CapsuleShape3D_ke2ik")

[node name="actor_nametag" parent="." node_paths=PackedStringArray("target") instance=ExtResource("12_eg6sy")]
transform = Transform3D(0.99994123, -0.0072706942, 0.00796757, 0.0070272298, 0.999519, 0.03017157, -0.008183122, -0.030113928, 0.9995124, -0.036441498, 2.1253297, 0.015423419)
texture = SubResource("ViewportTexture_tqg4d")
target = NodePath("..")

[node name="skeleton" type="Node3D" parent="."]
transform = Transform3D(1, 4.36557e-11, -9.31323e-10, -4.65661e-10, 1, 0, 9.31323e-10, 4.65661e-10, 1, 0, 0, 0)

[node name="char" type="Node3D" parent="skeleton"]

[node name="Skeleton3D" type="Skeleton3D" parent="skeleton/char"]
bones/0/name = "Root"
bones/0/parent = -1
bones/0/rest = Transform3D(1, 0, 0, 0, 1, -2.0067e-07, 0, 2.0067e-07, 1, 0, 0, 0)
bones/0/enabled = true
bones/0/position = Vector3(0, 0, 0)
bones/0/rotation = Quaternion(1.00335e-07, 0, 0, 1)
bones/0/scale = Vector3(1, 1, 1)
bones/1/name = "hips"
bones/1/parent = 0
bones/1/rest = Transform3D(1, 0, 0, 0, 0.976922, -0.213596, 0, 0.213596, 0.976922, -9.69889e-34, 0.90891, -0.0770626)
bones/1/enabled = true
bones/1/position = Vector3(-9.69889e-34, 0.90891, -0.0770626)
bones/1/rotation = Quaternion(0.10741957, 0, 0, 0.99421376)
bones/1/scale = Vector3(1, 0.9999999, 0.9999999)
bones/2/name = "spine"
bones/2/parent = 1
bones/2/rest = Transform3D(1, -2.66454e-15, 2.38419e-07, -2.34545e-08, 0.995149, 0.0983751, -2.37262e-07, -0.0983751, 0.995149, 0, 0.144326, 7.45058e-09)
bones/2/enabled = true
bones/2/position = Vector3(0, 0.144326, 7.45058e-09)
bones/2/rotation = Quaternion(-0.04924733, 1.190646e-07, -5.870762e-09, 0.9987866)
bones/2/scale = Vector3(1, 0.9999996, 0.9999996)
bones/3/name = "chest"
bones/3/parent = 2
bones/3/rest = Transform3D(1, 5.20758e-08, 5.75656e-09, -5.20758e-08, 0.975855, 0.218422, 5.7569e-09, -0.218422, 0.975855, -8.88178e-16, 0.158796, 5.58794e-09)
bones/3/enabled = true
bones/3/position = Vector3(-8.88178e-16, 0.158796, 5.58794e-09)
bones/3/rotation = Quaternion(-0.1098762, -7.606675e-14, -2.6196522e-08, 0.99394524)
bones/3/scale = Vector3(1, 1.0000006, 1.0000006)
bones/4/name = "neck"
bones/4/parent = 3
bones/4/rest = Transform3D(1, -9.03652e-08, 1.77888e-08, 9.03653e-08, 0.925389, -0.379019, 1.77886e-08, 0.379019, 0.925389, 3.43992e-15, 0.286292, -3.72529e-08)
bones/4/enabled = true
bones/4/position = Vector3(3.43992e-15, 0.286292, -3.72529e-08)
bones/4/rotation = Quaternion(0.19314645, 4.752425e-14, 4.604976e-08, 0.98117)
bones/4/scale = Vector3(1, 1, 1)
bones/5/name = "head"
bones/5/parent = 4
bones/5/rest = Transform3D(1, 6.70927e-08, -2.28784e-07, -1.06581e-14, 0.959589, 0.281407, 2.38419e-07, -0.281407, 0.959589, -1.44803e-14, 0.115455, -6.51926e-08)
bones/5/enabled = true
bones/5/position = Vector3(-1.44803e-14, 0.115455, -6.51926e-08)
bones/5/rotation = Quaternion(-0.14214683, -1.17999e-07, -1.6945258e-08, 0.9898456)
bones/5/scale = Vector3(1, 1.0000005, 1.0000005)
bones/6/name = "jaw"
bones/6/parent = 5
bones/6/rest = Transform3D(1, -8.52651e-14, -7.15256e-07, -6.47761e-07, -0.424058, -0.905635, -3.0331e-07, 0.905635, -0.424058, 2.17038e-14, 0.013176, 0.0333793)
bones/6/enabled = true
bones/6/position = Vector3(2.17038e-14, 0.013176, 0.0333793)
bones/6/rotation = Quaternion(0.8438182, -1.9191374e-07, -3.01773e-07, 0.53662926)
bones/6/scale = Vector3(1, 0.99999994, 0.99999994)
bones/7/name = "shoulder.R"
bones/7/parent = 3
bones/7/rest = Transform3D(-0.0356014, -0.999366, 0.000621855, 0.137615, -0.00428605, 0.990476, -0.989846, 0.0353479, 0.137681, -0.01647, 0.236002, 0.0215921)
bones/7/enabled = true
bones/7/position = Vector3(-0.01647, 0.236002, 0.0215921)
bones/7/rotation = Quaternion(-0.45579723, 0.47266135, 0.54257894, 0.52387804)
bones/7/scale = Vector3(1.0000002, 1.0000001, 0.9999996)
bones/8/name = "upper_arm.R"
bones/8/parent = 7
bones/8/rest = Transform3D(-0.212194, 0.0382157, -0.97648, 0.0267856, 0.999087, 0.0332798, 0.97686, -0.0190939, -0.213024, 0.00576703, 0.17012, -0.0185571)
bones/8/enabled = true
bones/8/position = Vector3(0.00576703, 0.17012, -0.0185571)
bones/8/rotation = Quaternion(-0.020873647, -0.778509, -0.0045554875, 0.6272697)
bones/8/scale = Vector3(0.9999996, 0.9999999, 1)
bones/9/name = "forearm.R"
bones/9/parent = 8
bones/9/rest = Transform3D(-0.31495, -0.0192267, 0.948914, 0.0654146, 0.996978, 0.041912, -0.946851, 0.075273, -0.31274, 2.90573e-07, 0.299468, -1.50176e-07)
bones/9/enabled = true
bones/9/position = Vector3(2.90573e-07, 0.299468, -1.50176e-07)
bones/9/rotation = Quaternion(0.014254814, 0.81004137, 0.036166385, 0.5850827)
bones/9/scale = Vector3(0.9999997, 1.0000004, 1.0000004)
bones/10/name = "hand.R"
bones/10/parent = 9
bones/10/rest = Transform3D(0.572799, -0.027549, 0.819233, -0.0777299, 0.993106, 0.0877439, -0.816002, -0.113939, 0.566709, 5.58794e-09, 0.2405, -1.81608e-07)
bones/10/enabled = true
bones/10/position = Vector3(5.58794e-09, 0.2405, -1.81608e-07)
bones/10/rotation = Quaternion(-0.056975156, 0.46195185, -0.014175986, 0.8849596)
bones/10/scale = Vector3(0.99999994, 1.0000002, 1.0000004)
bones/11/name = "palm.01.R"
bones/11/parent = 10
bones/11/rest = Transform3D(0.759507, -0.328471, 0.561476, 0.384416, 0.922944, 0.0199357, -0.52476, 0.200699, 0.827253, -0.0130725, 0.0158229, -0.0189385)
bones/11/enabled = true
bones/11/position = Vector3(-0.0130725, 0.0158229, -0.0189385)
bones/11/rotation = Quaternion(0.048244037, 0.28990734, 0.19026347, 0.93671024)
bones/11/scale = Vector3(0.9999998, 0.99999946, 1.0000001)
bones/12/name = "f_index.01.R"
bones/12/parent = 11
bones/12/rest = Transform3D(-0.0230051, 0.270963, -0.962315, -0.0353856, 0.961746, 0.271649, 0.999109, 0.0403015, -0.0125369, 7.39237e-08, 0.07524, 6.51926e-09)
bones/12/enabled = true
bones/12/position = Vector3(7.39237e-08, 0.07524, 6.51926e-09)
bones/12/rotation = Quaternion(-0.083345726, -0.70662713, -0.11036586, 0.69393873)
bones/12/scale = Vector3(1.0000001, 1.0000002, 1.0000002)
bones/13/name = "f_index.02.R"
bones/13/parent = 12
bones/13/rest = Transform3D(0.997102, 0.0737556, 0.0186659, -0.0739974, 0.997179, 0.0126119, -0.017683, -0.0139565, 0.999746, -1.30385e-08, 0.0556636, 5.32018e-08)
bones/13/enabled = true
bones/13/position = Vector3(-1.30385e-08, 0.0556636, 5.32018e-08)
bones/13/rotation = Quaternion(-0.0066470457, 0.009094004, -0.03696585, 0.99925303)
bones/13/scale = Vector3(1.0000004, 1.0000002, 0.99999976)
bones/14/name = "f_index.03.R"
bones/14/parent = 13
bones/14/rest = Transform3D(0.997941, 0.00425252, 0.0639885, -0.0083121, 0.997959, 0.0633105, -0.0635887, -0.063712, 0.99594, -6.0536e-09, 0.0280346, -1.1106e-07)
bones/14/enabled = true
bones/14/position = Vector3(-6.0536e-09, 0.0280346, -1.1106e-07)
bones/14/rotation = Quaternion(-0.031788055, 0.031926896, -0.0031443667, 0.9989796)
bones/14/scale = Vector3(0.9999994, 0.9999997, 0.99999964)
bones/15/name = "thumb.01.R"
bones/15/parent = 11
bones/15/rest = Transform3D(-0.505071, -0.0619249, -0.860853, 0.41149, 0.859485, -0.303252, 0.758669, -0.507396, -0.40862, 0.010514, -0.0165747, -0.00771098)
bones/15/enabled = true
bones/15/position = Vector3(0.010514, -0.0165747, -0.00771098)
bones/15/rotation = Quaternion(0.10495659, 0.83264273, -0.24339609, -0.48625976)
bones/15/scale = Vector3(0.9999997, 0.9999999, 1)
bones/16/name = "thumb.02.R"
bones/16/parent = 15
bones/16/rest = Transform3D(0.786433, -0.103942, 0.608867, -0.131676, 0.934868, 0.329672, -0.603477, -0.339438, 0.721524, 1.08033e-07, 0.0591627, -7.63685e-08)
bones/16/enabled = true
bones/16/position = Vector3(1.08033e-07, 0.0591627, -7.63685e-08)
bones/16/rotation = Quaternion(-0.1803059, 0.326692, -0.0074735386, 0.92774254)
bones/16/scale = Vector3(0.99999994, 1.0000001, 0.99999976)
bones/17/name = "thumb.03.R"
bones/17/parent = 16
bones/17/rest = Transform3D(0.914226, 0.192708, 0.356446, -0.254755, 0.957425, 0.135784, -0.315104, -0.214944, 0.924397, -5.21541e-08, 0.0353861, 6.79865e-08)
bones/17/enabled = true
bones/17/position = Vector3(-5.21541e-08, 0.0353861, 6.79865e-08)
bones/17/rotation = Quaternion(-0.09000679, 0.17233875, -0.11483168, 0.9741724)
bones/17/scale = Vector3(0.9999999, 0.99999994, 1.0000004)
bones/18/name = "palm.02.R"
bones/18/parent = 10
bones/18/rest = Transform3D(0.957976, -0.253078, 0.135031, 0.284289, 0.900393, -0.329352, -0.0382294, 0.353899, 0.934502, -0.00681244, 0.0202371, -0.00362021)
bones/18/enabled = true
bones/18/position = Vector3(-0.00681244, 0.0202371, -0.00362021)
bones/18/rotation = Quaternion(0.17541471, 0.044482116, 0.13796115, 0.9737647)
bones/18/scale = Vector3(0.9999999, 1.0000002, 1)
bones/19/name = "f_middle.01.R"
bones/19/parent = 18
bones/19/rest = Transform3D(0.459429, 0.282058, -0.84224, -0.040633, 0.953921, 0.297294, 0.887285, -0.102363, 0.44972, -1.11759e-08, 0.0665571, -1.86265e-09)
bones/19/enabled = true
bones/19/position = Vector3(-1.11759e-08, 0.0665571, -1.86265e-09)
bones/19/rotation = Quaternion(-0.11809774, -0.5110706, -0.09535446, 0.84603035)
bones/19/scale = Vector3(1.0000004, 1.0000001, 1)
bones/20/name = "f_middle.02.R"
bones/20/parent = 19
bones/20/rest = Transform3D(0.999707, 0.024091, -0.0024969, -0.0241012, 0.999701, -0.00413727, 0.00239648, 0.00419623, 0.999988, 1.11759e-08, 0.0582144, -3.39933e-08)
bones/20/enabled = true
bones/20/position = Vector3(1.11759e-08, 0.0582144, -3.39933e-08)
bones/20/rotation = Quaternion(0.002083531, -0.0012234366, -0.012048958, 0.9999245)
bones/20/scale = Vector3(1.0000002, 1, 0.9999997)
bones/21/name = "f_middle.03.R"
bones/21/parent = 20
bones/21/rest = Transform3D(0.996163, -0.0599987, 0.063711, 0.054791, 0.995243, 0.0805588, -0.0682413, -0.0767589, 0.994712, -7.45058e-09, 0.0346455, -1.4063e-07)
bones/21/enabled = true
bones/21/position = Vector3(-7.45058e-09, 0.0346455, -1.4063e-07)
bones/21/rotation = Quaternion(-0.03939784, 0.033045467, 0.028747354, 0.9982632)
bones/21/scale = Vector3(0.9999998, 1.0000002, 1.0000004)
bones/22/name = "palm.03.R"
bones/22/parent = 10
bones/22/rest = Transform3D(0.583205, -0.178513, -0.792467, -0.332567, 0.837582, -0.433423, 0.741128, 0.516323, 0.429115, 0.0016317, 0.0200649, 0.00962628)
bones/22/enabled = true
bones/22/position = Vector3(0.0016317, 0.0200649, 0.00962628)
bones/22/rotation = Quaternion(0.2812955, -0.4542197, -0.04562772, 0.8440826)
bones/22/scale = Vector3(0.9999998, 0.99999994, 0.9999995)
bones/23/name = "f_ring.01.R"
bones/23/parent = 22
bones/23/rest = Transform3D(0.995766, -0.0878466, -0.0270652, 0.0918566, 0.939901, 0.328859, -0.00345054, -0.329953, 0.943991, -3.72529e-09, 0.0601854, -3.82861e-08)
bones/23/enabled = true
bones/23/position = Vector3(-3.72529e-09, 0.0601854, -3.82861e-08)
bones/23/rotation = Quaternion(-0.167238, -0.0059945285, 0.04561725, 0.9848424)
bones/23/scale = Vector3(0.9999997, 0.99999994, 0.9999999)
bones/24/name = "f_ring.02.R"
bones/24/parent = 23
bones/24/rest = Transform3D(0.99966, -0.0260561, -0.000559474, 0.0260566, 0.99966, 0.000844275, 0.000537285, -0.000858566, 0.999999, 7.45058e-09, 0.0508951, -3.81842e-08)
bones/24/enabled = true
bones/24/position = Vector3(7.45058e-09, 0.0508951, -3.81842e-08)
bones/24/rotation = Quaternion(-0.00042574646, -0.0002742131, 0.013029295, 0.999915)
bones/24/scale = Vector3(0.9999997, 0.9999999, 0.99999946)
bones/25/name = "f_ring.03.R"
bones/25/parent = 24
bones/25/rest = Transform3D(0.996334, 0.000174097, 0.0855516, -0.00856116, 0.995181, 0.0976781, -0.0851223, -0.0980524, 0.991534, 1.86265e-08, 0.0346876, 5.82077e-08)
bones/25/enabled = true
bones/25/position = Vector3(1.86265e-08, 0.0346876, 5.82077e-08)
bones/25/rotation = Quaternion(-0.049036644, 0.04275915, -0.0021884558, 0.9978789)
bones/25/scale = Vector3(1.0000002, 0.9999998, 0.9999998)
bones/26/name = "palm.04.R"
bones/26/parent = 10
bones/26/rest = Transform3D(-0.740328, -0.11143, -0.662946, -0.475641, 0.783723, 0.39943, 0.475058, 0.611034, -0.633212, 0.0129031, 0.0105152, 0.0223479)
bones/26/enabled = true
bones/26/position = Vector3(0.0129031, 0.0105152, 0.0223479)
bones/26/rotation = Quaternion(-0.16519806, 0.88843447, 0.28433812, -0.32022744)
bones/26/scale = Vector3(1, 1.0000005, 0.9999995)
bones/27/name = "f_pinky.01.R"
bones/27/parent = 26
bones/27/rest = Transform3D(0.106961, -0.320873, 0.941063, 0.205824, 0.933137, 0.294776, -0.972726, 0.162164, 0.165852, -1.03842e-07, 0.0606221, 2.23517e-08)
bones/27/enabled = true
bones/27/position = Vector3(-1.03842e-07, 0.0606221, 2.23517e-08)
bones/27/rotation = Quaternion(-0.04464326, 0.6442676, 0.17730986, 0.742622)
bones/27/scale = Vector3(1, 1.0000006, 0.99999964)
bones/28/name = "f_pinky.02.R"
bones/28/parent = 27
bones/28/rest = Transform3D(0.999406, -0.0150179, 0.0310217, 0.0138236, 0.999168, 0.0383596, -0.031572, -0.037908, 0.998782, -1.49012e-08, 0.0416992, -6.07688e-08)
bones/28/enabled = true
bones/28/position = Vector3(-1.49012e-08, 0.0416992, -6.07688e-08)
bones/28/rotation = Quaternion(-0.019073216, 0.0156536, 0.0072127474, 0.99966955)
bones/28/scale = Vector3(1.0000001, 0.9999996, 0.9999996)
bones/29/name = "f_pinky.03.R"
bones/29/parent = 28
bones/29/rest = Transform3D(0.995965, 0.013306, 0.0887491, -0.0224321, 0.994466, 0.10264, -0.0868922, -0.104217, 0.990752, 0, 0.0286811, 1.16415e-07)
bones/29/enabled = true
bones/29/position = Vector3(0, 0.0286811, 1.16415e-07)
bones/29/rotation = Quaternion(-0.051836383, 0.044013992, -0.0089556165, 0.997645)
bones/29/scale = Vector3(0.9999998, 1.0000004, 1.0000004)
bones/30/name = "prop.R"
bones/30/parent = 10
bones/30/rest = Transform3D(-0.0823749, 0.520423, -0.849926, -0.895026, -0.413734, -0.16659, -0.43834, 0.746983, 0.499874, 0.021357, 0.0713702, -0.0104618)
bones/30/enabled = true
bones/30/position = Vector3(0.021357, 0.0713702, -0.0104618)
bones/30/rotation = Quaternion(0.455929, -0.20540658, -0.70639616, 0.5009404)
bones/30/scale = Vector3(0.9999996, 0.99999976, 1.0000002)
bones/31/name = "shoulder.L"
bones/31/parent = 3
bones/31/rest = Transform3D(-0.0356019, 0.999366, -0.000621736, -0.137615, -0.00428629, 0.990477, 0.989846, 0.0353483, 0.137681, 0.01647, 0.236002, 0.0215921)
bones/31/enabled = true
bones/31/position = Vector3(0.01647, 0.236002, 0.0215921)
bones/31/rotation = Quaternion(-0.45579717, -0.4726614, -0.5425791, 0.52387786)
bones/31/scale = Vector3(1.0000002, 1.0000001, 1.0000005)
bones/32/name = "upper_arm.L"
bones/32/parent = 31
bones/32/rest = Transform3D(-0.212194, -0.0382157, 0.97648, -0.0267856, 0.999087, 0.0332798, -0.97686, -0.0190939, -0.213024, -0.00576704, 0.17012, -0.0185572)
bones/32/enabled = true
bones/32/position = Vector3(-0.00576704, 0.17012, -0.0185572)
bones/32/rotation = Quaternion(-0.020873647, 0.778509, 0.0045554875, 0.6272697)
bones/32/scale = Vector3(0.9999996, 0.9999999, 1)
bones/33/name = "forearm.L"
bones/33/parent = 32
bones/33/rest = Transform3D(-0.314949, 0.0192267, -0.948914, -0.0654146, 0.996977, 0.041912, 0.946851, 0.075273, -0.31274, -2.8871e-07, 0.299468, -1.21596e-07)
bones/33/enabled = true
bones/33/position = Vector3(-2.8871e-07, 0.299468, -1.21596e-07)
bones/33/rotation = Quaternion(0.014254805, -0.81004107, -0.03616639, 0.58508307)
bones/33/scale = Vector3(0.9999994, 0.99999934, 1.0000004)
bones/34/name = "hand.L"
bones/34/parent = 33
bones/34/rest = Transform3D(0.572799, 0.027549, -0.819233, 0.0777299, 0.993106, 0.0877439, 0.816002, -0.113939, 0.566709, 0, 0.2405, -7.26432e-08)
bones/34/enabled = true
bones/34/position = Vector3(0, 0.2405, -7.26432e-08)
bones/34/rotation = Quaternion(-0.056975156, -0.46195185, 0.014175986, 0.8849596)
bones/34/scale = Vector3(0.99999994, 1.0000002, 1.0000004)
bones/35/name = "palm.01.L"
bones/35/parent = 34
bones/35/rest = Transform3D(0.759507, 0.328471, -0.561476, -0.384416, 0.922944, 0.0199357, 0.52476, 0.200699, 0.827253, 0.0130723, 0.015823, -0.0189384)
bones/35/enabled = true
bones/35/position = Vector3(0.0130723, 0.015823, -0.0189384)
bones/35/rotation = Quaternion(0.048244037, -0.28990734, -0.19026347, 0.93671024)
bones/35/scale = Vector3(0.9999998, 0.99999946, 1.0000001)
bones/36/name = "f_index.01.L"
bones/36/parent = 35
bones/36/rest = Transform3D(-0.023005, -0.270963, 0.962315, 0.0353857, 0.961746, 0.271649, -0.999109, 0.0403015, -0.0125368, -7.32252e-08, 0.07524, -4.65661e-09)
bones/36/enabled = true
bones/36/position = Vector3(-7.32252e-08, 0.07524, -4.65661e-09)
bones/36/rotation = Quaternion(-0.0833457, 0.70662713, 0.11036589, 0.69393873)
bones/36/scale = Vector3(1.0000001, 1.0000002, 1.0000002)
bones/37/name = "f_index.02.L"
bones/37/parent = 36
bones/37/rest = Transform3D(0.997102, -0.0737556, -0.0186657, 0.0739974, 0.997179, 0.0126118, 0.0176828, -0.0139565, 0.999746, -1.49012e-08, 0.0556636, -1.50874e-07)
bones/37/enabled = true
bones/37/position = Vector3(-1.49012e-08, 0.0556636, -1.50874e-07)
bones/37/rotation = Quaternion(-0.00664705, -0.009093903, 0.03696585, 0.99925303)
bones/37/scale = Vector3(1.0000004, 1.0000002, 0.99999976)
bones/38/name = "f_index.03.L"
bones/38/parent = 37
bones/38/rest = Transform3D(0.997941, -0.00425251, -0.0639885, 0.00831208, 0.997959, 0.0633105, 0.0635887, -0.063712, 0.99594, 1.11759e-08, 0.0280345, 1.39233e-07)
bones/38/enabled = true
bones/38/position = Vector3(1.11759e-08, 0.0280345, 1.39233e-07)
bones/38/rotation = Quaternion(-0.031788055, -0.031926896, 0.003144357, 0.9989796)
bones/38/scale = Vector3(0.9999994, 0.9999997, 0.99999964)
bones/39/name = "thumb.01.L"
bones/39/parent = 35
bones/39/rest = Transform3D(-0.505071, 0.0619248, 0.860853, -0.41149, 0.859485, -0.303252, -0.758669, -0.507396, -0.40862, -0.010514, -0.0165748, -0.00771099)
bones/39/enabled = true
bones/39/position = Vector3(-0.010514, -0.0165748, -0.00771099)
bones/39/rotation = Quaternion(-0.10495662, 0.83264273, -0.24339607, 0.48625976)
bones/39/scale = Vector3(0.9999997, 0.9999999, 1)
bones/40/name = "thumb.02.L"
bones/40/parent = 39
bones/40/rest = Transform3D(0.786433, 0.103942, -0.608867, 0.131676, 0.934868, 0.329672, 0.603477, -0.339438, 0.721524, -6.70552e-08, 0.0591628, 1.38767e-07)
bones/40/enabled = true
bones/40/position = Vector3(-6.70552e-08, 0.0591628, 1.38767e-07)
bones/40/rotation = Quaternion(-0.1803059, -0.326692, 0.0074735386, 0.92774254)
bones/40/scale = Vector3(0.99999994, 1.0000001, 0.99999976)
bones/41/name = "thumb.03.L"
bones/41/parent = 40
bones/41/rest = Transform3D(0.914226, -0.192708, -0.356446, 0.254755, 0.957425, 0.135784, 0.315104, -0.214944, 0.924397, -5.58794e-08, 0.035386, -6.28643e-08)
bones/41/enabled = true
bones/41/position = Vector3(-5.58794e-08, 0.035386, -6.28643e-08)
bones/41/rotation = Quaternion(-0.09000679, -0.17233875, 0.11483168, 0.9741724)
bones/41/scale = Vector3(0.9999999, 0.99999994, 1.0000004)
bones/42/name = "palm.02.L"
bones/42/parent = 34
bones/42/rest = Transform3D(0.957976, 0.253078, -0.135031, -0.284289, 0.900393, -0.329351, 0.0382296, 0.353899, 0.934502, 0.0068123, 0.0202371, -0.0036201)
bones/42/enabled = true
bones/42/position = Vector3(0.0068123, 0.0202371, -0.0036201)
bones/42/rotation = Quaternion(0.1754147, -0.044482213, -0.13796113, 0.9737647)
bones/42/scale = Vector3(0.9999999, 1.0000002, 0.9999997)
bones/43/name = "f_middle.01.L"
bones/43/parent = 42
bones/43/rest = Transform3D(0.459429, -0.282058, 0.84224, 0.040633, 0.953921, 0.297294, -0.887285, -0.102363, 0.44972, -1.57394e-07, 0.0665572, -8.00937e-08)
bones/43/enabled = true
bones/43/position = Vector3(-1.57394e-07, 0.0665572, -8.00937e-08)
bones/43/rotation = Quaternion(-0.11809774, 0.5110706, 0.09535446, 0.84603035)
bones/43/scale = Vector3(1.0000004, 1.0000001, 1)
bones/44/name = "f_middle.02.L"
bones/44/parent = 43
bones/44/rest = Transform3D(0.999707, -0.024091, 0.00249705, 0.0241012, 0.999701, -0.00413726, -0.00239663, 0.00419623, 0.999988, -7.45058e-09, 0.0582143, -1.45286e-07)
bones/44/enabled = true
bones/44/position = Vector3(-7.45058e-09, 0.0582143, -1.45286e-07)
bones/44/rotation = Quaternion(0.0020835302, 0.0012235115, 0.012048958, 0.9999245)
bones/44/scale = Vector3(1.0000002, 1, 0.9999997)
bones/45/name = "f_middle.03.L"
bones/45/parent = 44
bones/45/rest = Transform3D(0.996163, 0.0599987, -0.063711, -0.054791, 0.995243, 0.0805588, 0.0682413, -0.0767589, 0.994712, 3.72529e-09, 0.0346456, -2.21189e-09)
bones/45/enabled = true
bones/45/position = Vector3(3.72529e-09, 0.0346456, -2.21189e-09)
bones/45/rotation = Quaternion(-0.03939784, -0.033045467, -0.028747354, 0.9982632)
bones/45/scale = Vector3(0.9999998, 1.0000002, 1.0000004)
bones/46/name = "palm.03.L"
bones/46/parent = 34
bones/46/rest = Transform3D(0.583206, 0.178513, 0.792467, 0.332567, 0.837582, -0.433423, -0.741128, 0.516323, 0.429115, -0.00163184, 0.0200649, 0.00962638)
bones/46/enabled = true
bones/46/position = Vector3(-0.00163184, 0.0200649, 0.00962638)
bones/46/rotation = Quaternion(0.28129557, 0.45421934, 0.045627687, 0.8440828)
bones/46/scale = Vector3(1.0000004, 0.99999994, 0.9999995)
bones/47/name = "f_ring.01.L"
bones/47/parent = 46
bones/47/rest = Transform3D(0.995766, 0.0878466, 0.0270653, -0.0918567, 0.939901, 0.328859, 0.00345039, -0.329953, 0.943991, 2.23517e-08, 0.0601855, -5.0306e-08)
bones/47/enabled = true
bones/47/position = Vector3(2.23517e-08, 0.0601855, -5.0306e-08)
bones/47/rotation = Quaternion(-0.167238, 0.005994611, -0.045617286, 0.9848424)
bones/47/scale = Vector3(0.9999997, 0.99999994, 0.9999999)
bones/48/name = "f_ring.02.L"
bones/48/parent = 47
bones/48/rest = Transform3D(0.99966, 0.026056, 0.000559471, -0.0260565, 0.99966, 0.000844325, -0.000537282, -0.000858616, 0.999999, 3.72529e-09, 0.0508951, 3.93484e-08)
bones/48/enabled = true
bones/48/position = Vector3(3.72529e-09, 0.0508951, 3.93484e-08)
bones/48/rotation = Quaternion(-0.0004257715, 0.0002742119, -0.013029245, 0.999915)
bones/48/scale = Vector3(0.9999997, 0.9999999, 0.99999946)
bones/49/name = "f_ring.03.L"
bones/49/parent = 48
bones/49/rest = Transform3D(0.996334, -0.000174018, -0.0855516, 0.00856108, 0.995181, 0.0976781, 0.0851223, -0.0980524, 0.991534, -7.45058e-09, 0.0346875, -5.42495e-08)
bones/49/enabled = true
bones/49/position = Vector3(-7.45058e-09, 0.0346875, -5.42495e-08)
bones/49/rotation = Quaternion(-0.049036648, -0.04275915, 0.0021884157, 0.9978789)
bones/49/scale = Vector3(1.0000002, 0.9999998, 0.9999998)
bones/50/name = "palm.04.L"
bones/50/parent = 34
bones/50/rest = Transform3D(-0.740328, 0.11143, 0.662946, 0.475641, 0.783723, 0.39943, -0.475058, 0.611034, -0.633212, -0.0129033, 0.0105152, 0.0223479)
bones/50/enabled = true
bones/50/position = Vector3(-0.0129033, 0.0105152, 0.0223479)
bones/50/rotation = Quaternion(0.16519806, 0.88843447, 0.28433812, 0.32022744)
bones/50/scale = Vector3(1, 1.0000005, 0.9999995)
bones/51/name = "f_pinky.01.L"
bones/51/parent = 50
bones/51/rest = Transform3D(0.106961, 0.320873, -0.941063, -0.205824, 0.933137, 0.294776, 0.972726, 0.162164, 0.165853, 9.82545e-08, 0.060622, -2.98023e-08)
bones/51/enabled = true
bones/51/position = Vector3(9.82545e-08, 0.060622, -2.98023e-08)
bones/51/rotation = Quaternion(-0.04464324, -0.6442676, -0.17730986, 0.742622)
bones/51/scale = Vector3(1, 1.0000006, 0.9999998)
bones/52/name = "f_pinky.02.L"
bones/52/parent = 51
bones/52/rest = Transform3D(0.999406, 0.0150179, -0.0310217, -0.0138237, 0.999168, 0.0383596, 0.031572, -0.037908, 0.998782, 1.30385e-08, 0.0416992, 2.44472e-08)
bones/52/enabled = true
bones/52/position = Vector3(1.30385e-08, 0.0416992, 2.44472e-08)
bones/52/rotation = Quaternion(-0.019073216, -0.015653599, -0.0072127976, 0.99966955)
bones/52/scale = Vector3(1.0000001, 0.9999996, 0.9999996)
bones/53/name = "f_pinky.03.L"
bones/53/parent = 52
bones/53/rest = Transform3D(0.995965, -0.0133059, -0.0887491, 0.022432, 0.994466, 0.10264, 0.0868922, -0.104217, 0.990751, 1.49012e-08, 0.0286811, -1.25729e-07)
bones/53/enabled = true
bones/53/position = Vector3(1.49012e-08, 0.0286811, -1.25729e-07)
bones/53/rotation = Quaternion(-0.051836383, -0.044013985, 0.008955567, 0.997645)
bones/53/scale = Vector3(0.9999998, 1.0000004, 0.99999946)
bones/54/name = "prop.L"
bones/54/parent = 34
bones/54/rest = Transform3D(0.0823749, -0.520424, -0.849926, -0.895026, -0.413734, 0.16659, -0.438341, 0.746983, -0.499874, -0.0213572, 0.0713702, -0.0104617)
bones/54/enabled = true
bones/54/position = Vector3(-0.0213572, 0.0713702, -0.0104617)
bones/54/rotation = Quaternion(0.7063964, -0.5009403, -0.45592904, 0.20540595)
bones/54/scale = Vector3(1, 1.0000002, 1.0000002)
bones/55/name = "thigh.R"
bones/55/parent = 1
bones/55/rest = Transform3D(0.998437, -0.0558906, 9.57402e-07, -0.0535282, -0.95624, -0.287648, 0.0160777, 0.287197, -0.957739, -0.114206, 0.060157, 0.0441761)
bones/55/enabled = true
bones/55/position = Vector3(-0.114206, 0.060157, 0.0441761)
bones/55/rotation = Quaternion(0.9889911, -0.027659198, 0.0040644193, 0.14531058)
bones/55/scale = Vector3(1, 1.0000004, 1.0000026)
bones/56/name = "shin.R"
bones/56/parent = 55
bones/56/rest = Transform3D(0.999952, 0.00021006, -0.00982634, -0.00279827, 0.96448, -0.264141, 0.00942182, 0.264156, 0.964434, 1.78989e-08, 0.483488, -3.59407e-10)
bones/56/enabled = true
bones/56/position = Vector3(1.78989e-08, 0.483488, -3.59407e-10)
bones/56/rotation = Quaternion(0.13326462, -0.0048554046, -0.00075885904, 0.9910683)
bones/56/scale = Vector3(1.0000002, 1, 1)
bones/57/name = "foot.R"
bones/57/parent = 56
bones/57/rest = Transform3D(0.998545, 0.023915, 0.0483316, -0.0536968, 0.358665, 0.931921, 0.00495208, -0.93316, 0.359427, 1.25729e-08, 0.408261, -1.37952e-08)
bones/57/enabled = true
bones/57/position = Vector3(1.25729e-08, 0.408261, -1.37952e-08)
bones/57/rotation = Quaternion(-0.56578547, 0.013159477, -0.023544105, 0.8241112)
bones/57/scale = Vector3(1, 1, 1.0000002)
bones/58/name = "toe.R"
bones/58/parent = 57
bones/58/rest = Transform3D(-1, 5.93188e-07, 1.6498e-06, -3.71376e-07, 0.847997, -0.530002, -1.71342e-06, -0.530002, -0.847996, -3.47242e-08, 0.11632, 1.66594e-08)
bones/58/enabled = true
bones/58/position = Vector3(-3.47242e-08, 0.11632, 1.66594e-08)
bones/58/rotation = Quaternion(5.7689054e-08, 0.9612483, -0.27568412, 8.7470227e-07)
bones/58/scale = Vector3(1, 1.0000005, 0.99999964)
bones/59/name = "thigh.L"
bones/59/parent = 1
bones/59/rest = Transform3D(0.998437, 0.0558906, -9.57402e-07, 0.0535282, -0.95624, -0.287648, -0.0160777, 0.287197, -0.957739, 0.114206, 0.060157, 0.0441761)
bones/59/enabled = true
bones/59/position = Vector3(0.114206, 0.060157, 0.0441761)
bones/59/rotation = Quaternion(0.9889911, 0.027659198, -0.0040644193, 0.14531058)
bones/59/scale = Vector3(1, 1.0000004, 1.0000026)
bones/60/name = "shin.L"
bones/60/parent = 59
bones/60/rest = Transform3D(0.999952, -0.00021006, 0.00982634, 0.00279827, 0.96448, -0.264141, -0.00942182, 0.264156, 0.964434, -1.78989e-08, 0.483488, -3.59407e-10)
bones/60/enabled = true
bones/60/position = Vector3(-1.78989e-08, 0.483488, -3.59407e-10)
bones/60/rotation = Quaternion(0.13326462, 0.0048554046, 0.00075885904, 0.9910683)
bones/60/scale = Vector3(1.0000002, 1, 1)
bones/61/name = "foot.L"
bones/61/parent = 60
bones/61/rest = Transform3D(0.998545, -0.023915, -0.0483316, 0.0536968, 0.358665, 0.931921, -0.00495208, -0.93316, 0.359427, -1.25729e-08, 0.408261, -1.37952e-08)
bones/61/enabled = true
bones/61/position = Vector3(-1.25729e-08, 0.408261, -1.37952e-08)
bones/61/rotation = Quaternion(-0.56578547, -0.013159477, 0.023544105, 0.8241112)
bones/61/scale = Vector3(1, 1, 1.0000002)
bones/62/name = "toe.L"
bones/62/parent = 61
bones/62/rest = Transform3D(-1, -5.93188e-07, -1.6498e-06, 3.71376e-07, 0.847997, -0.530002, 1.71342e-06, -0.530002, -0.847996, 3.47242e-08, 0.11632, 1.66594e-08)
bones/62/enabled = true
bones/62/position = Vector3(3.47242e-08, 0.11632, 1.66594e-08)
bones/62/rotation = Quaternion(-5.7689054e-08, 0.9612483, -0.27568412, -8.7470227e-07)
bones/62/scale = Vector3(1, 1.0000005, 0.99999964)

[node name="hurt_boxes" type="Node3D" parent="skeleton/char/Skeleton3D"]
visible = false

[node name="head" type="BoneAttachment3D" parent="skeleton/char/Skeleton3D/hurt_boxes"]
transform = Transform3D(1, 3.0559022e-10, -9.313226e-10, -4.5838533e-10, 1.0000006, 8.046627e-07, 9.313226e-10, -8.046627e-07, 1.0000006, -1.6007107e-10, 1.6031705, -0.024824414)
bone_name = "head"
bone_idx = 5
use_external_skeleton = true
external_skeleton = NodePath("../..")

[node name="hurtbox_head" type="Area3D" parent="skeleton/char/Skeleton3D/hurt_boxes/head"]
collision_layer = 2
collision_mask = 2

[node name="CollisionShape3D" type="CollisionShape3D" parent="skeleton/char/Skeleton3D/hurt_boxes/head/hurtbox_head"]
transform = Transform3D(1, 2.91038e-11, 3.49246e-10, -5.82077e-11, 1, -2.98023e-08, 0, 2.98023e-08, 1, -2.32831e-10, 0.0663258, 0.0123575)
shape = SubResource("SphereShape3D_xwqgb")

[node name="MeshInstance3D" type="MeshInstance3D" parent="skeleton/char/Skeleton3D/hurt_boxes/head/hurtbox_head"]
transform = Transform3D(1, 2.91038e-11, 1.16415e-10, 0, 1, 0, 1.16415e-10, 1.49012e-08, 1, -2.32831e-10, 0.0663258, 0.0123575)
visible = false
mesh = SubResource("SphereMesh_gnn2x")

[node name="chest" type="BoneAttachment3D" parent="skeleton/char/Skeleton3D/hurt_boxes"]
transform = Transform3D(1, 1.1641532e-10, 2.3748726e-07, -2.5087502e-08, 0.9946511, 0.103292294, -2.3655593e-07, -0.103292294, 0.9946511, -1.36788e-09, 1.2076206, -0.027742296)
bone_name = "chest"
bone_idx = 3
use_external_skeleton = true
external_skeleton = NodePath("../..")

[node name="hurtbox_torso" type="Area3D" parent="skeleton/char/Skeleton3D/hurt_boxes/chest"]
collision_layer = 2
collision_mask = 2

[node name="CollisionShape3D" type="CollisionShape3D" parent="skeleton/char/Skeleton3D/hurt_boxes/chest/hurtbox_torso"]
transform = Transform3D(1, -1.77636e-15, 0, 0, 1, 0, 0, 0, 1, 0, 0, 0)
shape = SubResource("CapsuleShape3D_g57dp")

[node name="MeshInstance3D" type="MeshInstance3D" parent="skeleton/char/Skeleton3D/hurt_boxes/chest/hurtbox_torso"]
visible = false
mesh = SubResource("CapsuleMesh_ptidy")

[node name="neck" type="BoneAttachment3D" parent="skeleton/char/Skeleton3D/hurt_boxes"]
transform = Transform3D(1, -2.3283064e-10, 2.3841858e-07, 6.672053e-08, 0.95958894, -0.28140607, -2.2724271e-07, 0.2814061, 0.95958894, 5.820766e-11, 1.4923812, -0.05731409)
bone_name = "neck"
bone_idx = 4
use_external_skeleton = true
external_skeleton = NodePath("../..")

[node name="hurtbox_torso" type="Area3D" parent="skeleton/char/Skeleton3D/hurt_boxes/neck"]
collision_layer = 2
collision_mask = 2

[node name="CollisionShape3D" type="CollisionShape3D" parent="skeleton/char/Skeleton3D/hurt_boxes/neck/hurtbox_torso"]
transform = Transform3D(1, -1.77636e-15, 0, 0, 1, 0, 0, 0, 1, 0, 0, 0)
shape = SubResource("CapsuleShape3D_lh4mb")

[node name="MeshInstance3D" type="MeshInstance3D" parent="skeleton/char/Skeleton3D/hurt_boxes/neck/hurtbox_torso"]
visible = false
mesh = SubResource("CapsuleMesh_u6jl3")

[node name="hips" type="BoneAttachment3D" parent="skeleton/char/Skeleton3D/hurt_boxes"]
transform = Transform3D(1, -6.9849193e-10, -9.313226e-10, -4.5838533e-10, 0.976922, -0.2135962, 9.313226e-10, 0.2135962, 0.9769219, 5.820766e-10, 0.90891004, -0.07706242)
bone_name = "hips"
bone_idx = 1
use_external_skeleton = true
external_skeleton = NodePath("../..")

[node name="hurtbox_torso" type="Area3D" parent="skeleton/char/Skeleton3D/hurt_boxes/hips"]
transform = Transform3D(1, 0, 0, 0, 1, 0, 0, 0, 1, 0, 0, 0.0827561)
collision_layer = 2
collision_mask = 2

[node name="CollisionShape3D" type="CollisionShape3D" parent="skeleton/char/Skeleton3D/hurt_boxes/hips/hurtbox_torso"]
transform = Transform3D(1, -1.77636e-15, 0, 0, 1, 0, 0, 0, 1, 1.65436e-24, 0, 0.0487878)
shape = SubResource("CapsuleShape3D_6xcng")

[node name="MeshInstance3D" type="MeshInstance3D" parent="skeleton/char/Skeleton3D/hurt_boxes/hips/hurtbox_torso"]
visible = false
mesh = SubResource("CapsuleMesh_o3lyt")

[node name="thigh_L" type="BoneAttachment3D" parent="skeleton/char/Skeleton3D/hurt_boxes"]
